--- FORMAT ---

Bhop Key: 32
MasterBreak Key: 1
FACEIT Mode: False
Friendly Fire: False
Glow ESP Key: 112
Radar: False
NoFlash Amount: 0
Panic Key: 122
Sound ESP Enabled: True
Sound ESP Pitch: 300
Sound ESP Max Range: 900


Floatpoint values:

32 1 0 0 112 0 0 122 1 300 900 1 1 0 0 120.00 1 5 6 7 8 15.00 0 0 0 86 1 5 175 5.00 5.00 2 1 0 0 120.00 1 5 6 7 8 15.00 0 0 0 86 1 5 175 5.00 5.00 3 1 0 0 10.00 1 5 6 7 8 15.00 0 0 0 86 1 5 175 5.00 5.00 4 1 0 0 120.00 1 5 6 7 8 15.00 0 0 0 86 1 5 175 5.00 5.00 5 1 0 0 120.00 1 5 6 7 8 15.00 0 0 0 86 1 5 175 5.00 5.00 6 1 0 0 120.00 1 5 6 7 8 15.00 0 0 0 86 1 5 175 5.00 5.00 7 1 0 0 120.00 1 5 6 7 8 15.00 0 0 0 86 1 5 175 5.00 5.00 8 1 0 0 120.00 1 5 6 7 8 15.00 0 0 0 86 1 5 175 5.00 5.00 9 1 0 0 120.00 1 5 6 7 8 15.00 0 0 0 86 1 5 175 5.00 5.00 10 1 0 0 120.00 1 5 6 7 8 15.00 0 0 0 86 1 5 175 5.00 5.00 11 1 0 0 120.00 1 5 6 7 8 15.00 0 0 0 86 1 5 175 5.00 5.00 12 1 0 0 120.00 1 5 6 7 8 15.00 0 0 0 86 1 5 175 5.00 5.00 13 1 0 0 120.00 1 5 6 7 8 15.00 0 0 0 86 1 5 175 5.00 5.00 14 1 0 0 120.00 1 5 6 7 8 15.00 0 0 0 86 1 5 175 5.00 5.00 15 1 0 0 120.00 1 5 6 7 8 15.00 0 0 0 86 1 5 175 5.00 5.00 16 1 0 0 10.00 1 5 6 7 8 15.00 0 0 0 86 1 5 175 5.00 5.00 17 1 0 0 10.00 1 5 6 7 8 15.00 0 0 0 86 1 5 175 5.00 5.00 18 1 0 0 120.00 1 5 6 7 8 15.00 0 0 0 86 1 5 175 5.00 5.00 19 1 0 0 120.00 1 5 6 7 8 15.00 0 0 0 86 1 5 175 5.00 5.00 20 1 0 0 120.00 1 5 6 7 8 15.00 0 0 0 86 1 5 175 5.00 5.00 21 1 0 0 10.00 1 5 6 7 8 15.00 0 0 0 86 1 5 175 5.00 5.00 22 1 0 0 120.00 1 5 6 7 8 15.00 0 0 0 86 1 5 175 5.00 5.00 23 1 0 0 120.00 1 5 6 7 8 15.00 0 0 0 86 1 5 175 5.00 5.00 24 1 0 0 120.00 1 5 6 7 8 15.00 0 0 0 86 1 5 175 5.00 5.00 25 1 0 0 120.00 1 5 6 7 8 15.00 0 0 0 86 1 5 175 5.00 5.00 26 1 0 0 120.00 1 5 6 7 8 15.00 0 0 0 86 1 5 175 5.00 5.00 27 1 0 0 120.00 1 5 6 7 8 15.00 0 0 0 86 1 5 175 5.00 5.00 28 1 0 0 120.00 1 5 6 7 8 15.00 0 0 0 86 1 5 175 5.00 5.00 29 1 0 0 10.00 1 5 6 7 8 15.00 0 0 0 86 1 5 175 5.00 5.00 30 1 0 0 120.00 1 5 6 7 8 15.00 0 0 0 86 1 5 175 5.00 5.00 31 1 0 0 120.00 1 5 6 7 8 15.00 0 0 0 86 1 5 175 5.00 5.00 32 1 0 0 120.00 1 5 6 7 8 15.00 0 0 0 86 1 5 175 5.00 5.00 33 1 0 0 120.00 1 5 6 7 8 15.00 0 0 0 86 1 5 175 5.00 5.00 34 1 0 0 120.00 1 5 6 7 8 15.00 0 0 0 86 1 5 175 5.00 5.00 35 86 1 5 36 86 1 5